2.1653526e+002  4.1625090e+001  9.4813727e+001 -2.6651949e+001 -2.5701065e+001 -2.9635861e+001  7.5058797e+001 -1.7622078e+002  4.5056374e+001  1.0533684e+002
-8.0138693e+000  6.4646177e+000  5.2125512e+001  6.5461450e+000  9.7386111e+000 -4.1641866e+001  9.1057947e+000  1.6441998e+001  1.4396168e+001  4.9524587e+001
1.2235949e+002  2.9437942e+001  2.3532824e+002  2.4629411e+001  5.0260166e+001 -8.0175898e+000  1.1060433e+002 -6.1257361e+001  6.1108117e+001  1.2582329e+002
-7.3390869e+001 -1.2771103e+001  1.2161082e+001  8.2393747e+001 -2.3276628e+001  4.0180595e+001 -2.9745119e+001  3.4405103e-002 -3.3929577e+001  5.0456338e+001
-4.6034321e+001 -2.0597472e+000  4.2495122e+001  2.3681000e+001  4.9384150e+001  3.6090477e+000 -2.5991699e+000  5.9293036e+001  7.3317801e+000  7.3205687e+001
-5.6178055e+000  4.7524715e+001 -9.9871959e+000  2.5646532e+001  3.1919544e+001  1.2246632e+002  1.6858586e+001  2.4603415e+001 -1.4261285e+001 -6.4227499e+001
7.9576050e+001  6.7393791e+001  4.9756245e+001 -2.0622775e+001  2.4107816e+001  2.0049446e+001  8.0937303e+001 -1.0920240e-001  3.1447010e+001  3.9000030e+001
-1.4072761e+002  4.0587723e+001 -7.4613160e+001 -2.6522004e+001  6.5319742e+001  5.8557185e+000 -3.4966218e+001  3.3100851e+002  2.7499793e+001 -1.5313370e+000
2.5940415e+001 -3.1387101e+001  6.9564472e+001 -9.7226411e+000  5.5988692e+001 -4.5172830e+001  2.9777854e+001  4.2296974e+001  6.6277758e+001 -1.7906552e+001
8.0711494e+001  2.4863164e+001  1.1663615e+002 -2.3756971e+001  2.3732489e+001 -5.7139707e+001  5.9111749e+001  9.5769113e+000  6.5381373e+001  1.8220409e+002
