3.5708401e+002 -2.3211048e+001  1.1858206e+002  9.3476163e+000 -7.1255013e+001 -1.7357410e+002  1.3766630e+002 -3.7749506e+001  6.8847859e+001  8.0765455e+001
-1.4583646e+001  1.5713594e+002  2.5630586e+001  1.8992438e+001 -2.2169614e+001 -3.5261925e+001 -5.3585816e+001 -1.2137078e+002  2.1215041e+001 -5.8162372e+001
9.3960927e+001  4.0786933e+001  1.5212851e+002  2.6010548e+001 -2.7820345e+000 -1.1145851e+002  1.2947632e+001 -2.8407617e+001 -1.5477600e+001 -3.0184624e+001
8.2976971e+001  4.3740161e+001  2.8045258e+001  1.4447299e+002  4.2449754e+001 -3.2961492e+001  1.3541646e+000 -1.5766792e+001 -7.5840198e+000 -3.9031238e+001
-1.1333230e+002  2.1307463e+000  4.2333292e+001 -4.3924772e+001  5.4230348e+001  8.0758191e+000 -3.3921113e+001 -8.8871097e+000 -4.6120085e+001  2.9884966e-001
-1.5252344e+002 -3.5932439e+001 -7.1420455e+001 -6.4621241e+001  1.1458451e+001  1.2559183e+002 -3.0537781e+001  2.5870537e+001 -1.1019852e+001  1.5772923e+001
1.0013895e+002 -5.0851201e+001 -1.9419871e+001  4.7494439e+001  2.1572575e+001  1.1869202e+001  1.1484169e+002  4.7979024e-001  2.1938184e+001  9.7961238e+001
-4.0650403e+001 -1.0181196e+002 -1.4648426e+000 -5.2601408e+001  1.7507295e+001  2.6811346e+001  3.7307075e+001  1.3036614e+002 -2.9722147e+001  5.9829360e+001
5.3796142e+001 -6.5380468e+000 -1.9623432e+001 -3.9142755e+001 -6.6891994e+001 -2.1956189e+001 -1.2521512e+001  5.1143234e+001  5.8264899e+001 -4.2355278e+001
8.0580323e+001 -6.7750753e+001 -5.5773109e+000 -3.1969979e+001 -2.6733255e+001 -1.9147241e+001  5.7867153e+001  6.3865295e+001  2.1124460e+001  7.6884635e+001
