   4.1774669e+00   1.4363858e+00  -6.7111624e+00   5.0605211e+00  -1.6075035e-02   6.3518215e-01   2.7049890e+00  -1.5779159e+00   4.7089136e+00   2.3780734e+00
   1.4363858e+00   1.0988248e+00  -2.6479507e+00   1.9991162e+00  -5.5684480e-03   2.5094016e-01   1.0685823e+00  -6.2275116e-01   1.8602155e+00   9.3943696e-01
  -6.7111624e+00  -2.6479507e+00   1.6438072e+01  -8.7599588e+00  -7.3394579e+00  -1.2578479e+00  -4.6746454e+00  -2.8392817e+00  -8.1405691e+00  -4.1082894e+00
   5.0605211e+00   1.9991162e+00  -8.7599588e+00   7.0490421e+00   1.1445326e-01   8.8563991e-01   3.7589257e+00  -2.0893643e+00   6.5436858e+00   3.3046090e+00
  -1.6075035e-02  -5.5684480e-03  -7.3394579e+00   1.1445326e-01   1.1781553e+01  -2.2938000e-02   6.3015258e-02  -1.3482528e+00   1.0903232e-01   5.5728011e-02
   6.3518215e-01   2.5094016e-01  -1.2578479e+00   8.8563991e-01  -2.2938000e-02   1.2176291e+00   4.7342041e-01  -2.9136761e-01   8.2413455e-01   4.1620826e-01
   2.7049890e+00   1.0685823e+00  -4.6746454e+00   3.7589257e+00   6.3015258e-02   4.7342041e-01   2.0119692e+00  -1.1153895e+00   3.4976443e+00   1.7663351e+00
  -1.5779159e+00  -6.2275116e-01  -2.8392817e+00  -2.0893643e+00  -1.3482528e+00  -2.9136761e-01  -1.1153895e+00   6.6150226e+01  -1.9422185e+00  -9.8033097e-01
   4.7089136e+00   1.8602155e+00  -8.1405691e+00   6.5436858e+00   1.0903232e-01   8.2413455e-01   3.4976443e+00  -1.9422185e+00   6.0945007e+00   3.0749065e+00
   2.3780734e+00   9.3943696e-01  -4.1082894e+00   3.3046090e+00   5.5728011e-02   4.1620826e-01   1.7663351e+00  -9.8033097e-01   3.0749065e+00   1.5528496e+00
